0 0 4
0.140966 0.904198 3.40681
0.365593 1.03414 7.85084
3 3 31
5.85406 7.60122 44.3796
2.42299 4.22394 12.7552
17 7 0
17.4733 9.02371 30.7573
35.1505 17.007 30.2976
54 20 30
19.9856 47.3349 -33.7932
74.2414 67.9266 -3.08974
25 41 170
174.949 118.101 95.9864
20.6634 76.4024 -74.6789
27 6 1
52.1586 14.0853 -14.5762
79.5739 7.95557 -12.973
67 13 58
59.8136 -43.3369 8.85561
126.864 -56.95 -49.6723
44 3 47
58.6428 -53.2764 13.5682
103.436 -49.8184 -34.4305
20 18 33
57.5313 -45.3395 2.7759
78.5164 -26.8378 -30.4948
1 27 18
50.6336 -30.1258 -20.2185
49.0273 -2.49137 -38.4377
11 26 4
36.7982 -17.4714 -47.5523
25.5325 8.87534 -43.3797
26 175 176
24.9643 -14.2983 -46.5775
178.599 170.379 136.677
13 30 11
131.61 129.188 122.71
117.918 159.622 134.183
16 45 24
103.356 123.177 112.303
86.4202 168.879 87.5243
19 13 13
148.225 156.823 151.949
167.874 143.664 138.263
15 2 8
154.609 172.988 155.95
170.568 175.481 147.716
18 84 163
168.822 -137.934 164.482
7.20289 -52.9807 -32.0051
73 3 98
173.359 -111.306 179.742
99.4146 -107.397 -81.3389
1 14 18
5.72778 -28.1785 27.3641
4.60911 -13.8123 46.3362
7 40 11
24.9142 -6.30028 47.3328
17.5874 34.2859 59.2592
3 29 2
35.7586 -3.8649 51.2604
38.9154 25.6973 53.6675
12 11 4
54.559 10.9677 38.752
66.9053 22.874 34.1081
32 1 8
100.406 65.6344 34.5334
132.736 63.9403 43.4043
1 10 8
119.872 80.5212 39.7739
118.667 70.2929 31.2002
5 20 9
84.1596 10.3721 -5.2902
89.9319 -9.77132 -15.1344
46 11 50
90.7587 -46.5086 -13.2482
137.714 -58.4983 -63.9111
24 12 33
90.8618 -55.2847 -13.1789
115.035 -42.9031 -46.9274
4 22 22
78.664 -42.1636 -16.3389
82.9358 -19.6562 -38.9992
11 23 15
60.211 -21.2116 -31.3715
49.047 2.47743 -46.6925
19 20 1
41.2772 -10.0558 -51.5576
21.9071 10.2226 -52.744
30 169 177
25.1878 -6.5889 -44.7792
174.617 162.919 137.312
1 45 41
84.886 118.734 87.7104
85.9983 163.754 129.155
9 33 35
128.928 131.692 136.149
119.847 164.702 100.774
24 5 3
150.358 159.45 153.091
175.097 153.757 149.188
16 3 11
157.222 179.335 157.567
174.19 -177.539 146.385
14 52 167
172.871 -124.589 164.765
7.33825 -72.5539 -27.6886
33 2 55
173.08 -118.585 -174.117
139.858 -116.568 -118.745
4 14 19
10.7402 -19.916 33.5286
6.30631 -5.02668 52.8943
4 44 12
27.7618 -5.07085 49.6189
23.6046 39.4756 62.2485
2 25 1
38.6743 -2.76792 49.6414
40.9448 22.6712 51.2454
15 7 2
62.3609 20.9597 34.5714
77.5452 28.1898 32.439
15 2 10
115.837 73.2751 43.9749
131.33 70.7626 33.4436
8 8 6
99.6691 75.6281 18.7899
107.804 67.1854 25.0994
12 23 19
85.6898 -12.1723 -8.49033
98.1979 -35.2711 -27.5529
44 2 46
91.3525 -50.0265 -13.8185
135.841 -52.3834 -60.5811
20 14 29
88.9769 -53.2221 -13.5054
109.006 -38.9817 -43.1564
0 24 20
75.5517 -37.621 -18.6411
75.6169 -13.3912 -38.7594
12 23 11
56.4228 -17.1747 -36.3605
44.1798 6.47975 -48.2108
24 19 4
38.8039 -9.56726 -51.0044
14.5237 9.71523 -55.8571
26 161 177
19.2106 -1.10848 -41.2264
172.297 160.515 141.012
21 46 48
52.0887 116.377 63.3925
73.098 163.081 111.465
9 2 30
159.678 141.725 154.086
149.686 138.95 123.516
24 127 170
175.719 154.17 157.417
19.8047 26.8393 -13.1155
