8.96454e-05 0.000412464 0.00302124
-4.99 4.49 6.2
-4.98991 4.48959 6.20302
0.00864792 0.0748277 0.0644708
-4.97746 4.4009 6.2937
-4.98611 4.47573 6.22923
0.0309277 0.0324831 0.023603
-4.46629 2.649 6.74871
-4.49722 2.61652 6.77231
0.0669775 0.0649545 0.0084095
-2.89436 -0.343231 7.8263
-2.82738 -0.278277 7.83471
0.0229414 0.114256 0.0184164
-0.11728 -1.19965 8.39852
-0.0943387 -1.08539 8.3801
0.0245199 0.0123445 0.0295224
3.28401 1.35822 7.21614
3.25949 1.34587 7.24567
0.0616364 0.00102806 0.0516777
6.54537 4.93085 6.47306
6.48374 4.93188 6.42138
0.101411 0.0211945 0.0458903
9.06929 6.26579 6.12754
8.96788 6.28698 6.08165
0.0373888 0.0403457 0.0431743
10.7653 4.77124 5.71821
10.7279 4.73089 5.76138
0.105092 0.0335797 0.13027
11.148 1.02258 5.61307
11.0429 0.988996 5.74334
0.0436468 0.0275502 0.140015
9.45229 -3.23573 6.15757
9.40865 -3.20818 6.29758
0.070797 0.137657 0.111943
5.46595 -5.96661 6.94224
5.39515 -5.82895 7.05418
0.0416453 0.0932426 0.0823941
0.0557855 -6.47522 7.97208
0.0974308 -6.38198 8.05447
0.0810597 0.0696745 0.0910478
-2.9601 -6.11854 7.84901
-2.87904 -6.18822 7.94006
0.0470498 0.00348186 0.0414658
-2.58545 -5.98031 6.28779
-2.5384 -5.98379 6.32926
0.0781316 0.0316358 0.0440574
-0.0749234 -5.04254 5.41906
-0.153055 -5.07418 5.46312
0.0285275 0.0259461 0.0200992
3.26607 -2.85127 5.64605
3.23755 -2.82533 5.66614
0.160864 0.0165602 0.0100384
4.59951 0.70646 6.06888
4.43865 0.72302 6.05884
0.000896931 0.0576215 0.0675735
2.63955 4.53527 5.80589
2.63865 4.47764 5.87346
0.0403866 0.0554786 0.041481
-0.721811 6.61487 6.004
-0.681425 6.55939 6.04548
0.0948918 0.0665712 0.0976653
-3.28348 6.07153 6.49023
-3.18859 6.00496 6.58789
0.068975 0.0393438 0.0906763
-4.20847 3.12003 7.12012
-4.1395 3.08069 7.2108
0.0738649 0.0888555 0.0683765
-2.93152 -0.395812 8.16676
-2.85765 -0.306956 8.23514
0.0188984 0.123697 0.0492554
-0.0236329 -1.11694 8.29908
-0.0425313 -0.99324 8.34834
0.0232017 0.0491285 0.0429339
3.54338 1.72071 6.9627
3.52017 1.76984 7.00563
0.0397515 0.032042 0.0145774
6.89195 5.23769 6.33828
6.8522 5.20565 6.35286
0.103917 0.0348277 0.0168414
9.42263 6.21399 6.04822
9.31871 6.24881 6.03138
0.0350428 0.0495367 0.0468979
11.0129 4.22962 5.67383
10.9779 4.18009 5.72073
0.118671 0.0336657 0.107942
11.0442 0.157473 5.68864
10.9255 0.123807 5.79658
0.0715532 0.0401824 0.131114
8.8235 -3.95176 6.32158
8.75195 -3.91158 6.45269
0.0820827 0.089829 0.116641
4.37212 -6.26183 7.12641
4.29004 -6.172 7.24305
0.0352612 0.0708585 0.11245
-0.890863 -6.36299 8.17284
-0.926124 -6.29213 8.28529
0.12329 0.0150018 0.0838385
-3.12668 -6.11563 7.51955
-3.00339 -6.13063 7.43572
0.0558767 0.0239644 0.0592737
-2.19771 -5.86885 6.02556
-2.25358 -5.89281 6.08483
0.0262587 0.0381336 0.0172238
0.63726 -4.71619 5.37088
0.663519 -4.67805 5.38811
0.0471711 0.0832665 0.105039
3.81217 -2.22794 5.79813
3.76499 -2.3112 5.90317
0.120468 0.00462306 0.0179338
4.41776 1.5291 6.02114
4.2973 1.52448 6.0032
0.0140389 0.0429177 0.0905213
1.92533 5.16186 5.79993
1.91129 5.11895 5.89045
0.0251983 0.0896449 0.0833073
-1.388 6.71457 6.1018
-1.4132 6.62493 6.1851
0.0973585 0.0827832 0.107351
-3.64743 5.61518 6.60237
-3.55007 5.53239 6.70972
0.0626879 0.00223613 0.107591
-4.15457 2.29326 7.31135
-4.09188 2.29102 7.41894
0.0562043 0.120498 0.0708637
-2.42598 -0.854503 8.34648
-2.36977 -0.734005 8.41734
0.00384492 0.0939099 0.0350418
0.664073 -0.787767 8.0821
0.667918 -0.693858 8.11714
0.0324006 0.0111723 0.0705385
4.28877 2.59487 6.748
4.25637 2.60605 6.81854
0.0510664 0.0676265 0.041152
7.49428 5.69684 6.28145
7.44322 5.62921 6.2403
0.101261 0.0724497 0.0193982
9.86559 6.0263 5.96199
9.76433 6.09875 5.98139
0.0454178 0.0521145 0.0791531
11.2102 3.48019 5.61485
11.1648 3.42807 5.69401
0.107445 0.0107931 0.103902
10.81 -0.777616 5.77692
10.7025 -0.788409 5.88082
0.0898895 0.0427289 0.130905
8.08821 -4.57285 6.47928
7.99832 -4.53012 6.61018
0.0542388 0.0849476 0.132238
3.23428 -6.38974 7.32581
3.18004 -6.30479 7.45805
0.0119761 0.0931425 0.0833712
-1.67921 -6.22485 8.27848
-1.66724 -6.1317 8.36185
0.264275 0.0341425 0.215736
-3.21152 -6.22672 7.18524
-2.94724 -6.19257 6.96951
0.000181675 0.0318384 0.0342526
-2.06038 -5.65445 5.95726
-2.0602 -5.62261 5.99152
