2.59978 2.45996 0.514836
0.002 -0.01 0.12
0.00719956 -0.0345996 0.18178
0.974735 0.975775 0.751019
0.299985 -1.31366 0.628212
0.00757896 -0.0318242 0.156413
0.0514692 0.00089076 0.0364376
1.93079 -5.60689 1.41113
2.03017 -5.61188 1.46255
0.0378376 0.0181286 0.0783677
4.69665 -5.09875 2.72793
4.87436 -5.00631 2.51415
0.00587037 0.205645 0.202093
6.43828 1.82716 -1.03764
6.40049 2.20291 -0.82794
0.0100668 0.0220842 0.0449253
7.24572 7.94069 -2.60518
7.17278 7.76533 -2.48814
0.0275482 0.0102852 0.608289
5.97167 5.47615 -0.813402
5.80716 5.41983 -1.30819
0.0245443 1.4077 0.0311206
4.38728 -0.161502 -0.765622
4.2796 0.0658446 -0.741795
0.108872 0.0273399 0.332438
2.38564 -5.76078 -0.73267
2.12591 -5.60328 -0.489102
0.15375 0.0429301 0.869559
-1.11823 -8.99353 0.465043
-1.29016 -8.60744 0.869426
0.0437828 0.00540464 0.523562
-5.89068 -7.65584 1.55382
-5.63276 -7.61446 2.36733
0.029194 0.165937 0.323267
-10.2685 -3.39806 1.71869
-9.96871 -2.8342 2.27428
0.000929554 0.182166 0.34996
-9.97222 1.0354 2.2718
-9.96295 1.22401 3.06684
0.0188767 8.76482 0.156526
-2.39462 0.0420761 -2.94159
-2.43982 -0.326714 -2.48115
0.0475339 0.318996 0.486577
3.31542 0.919484 -2.72451
3.47301 1.2128 -4.05019
0.0128088 0.0335531 0.873488
6.64772 3.0667 -0.722682
6.56257 3.1696 -1.35393
0.023477 0.010742 0.279914
5.87926 6.03462 1.43721
6.01728 5.96979 1.03491
0.537648 0.0296822 1.60678
-0.83924 8.19697 -0.268606
-1.29046 7.95367 -0.700196
0.0438192 0.0602817 1.3918
-6.45655 6.66453 -0.22045
-6.17363 6.26278 0.0863715
0.0592159 0.0610767 0.120778
-6.53324 1.62434 0.86712
-6.14637 1.52513 0.97185
0.14464 0.00433726 0.439213
-3.75882 -3.81013 1.05725
-3.21515 -3.82665 1.5216
0.672885 0.0176528 0.207046
0.186093 -7.775 1.72204
0.311312 -7.63775 2.07859
0.00499775 0.0582613 0.217906
4.82061 -5.14729 2.00192
4.84471 -4.8474 2.43815
0.0149545 0.0568105 0.313727
6.79146 2.33885 -1.77482
6.68989 2.47172 -1.21801
0.0120966 0.0036151 0.178188
7.51453 8.32351 -2.44144
7.42363 8.29342 -2.0064
0.0178034 0.0568265 0.683012
6.06446 4.99519 -0.606147
5.95649 4.71133 -1.02015
0.0327249 0.226051 0.133047
4.32294 -1.11702 -0.745183
4.18147 -0.864515 -0.646039
0.113896 0.0315356 0.301303
1.95053 -6.72695 -0.580984
1.72837 -6.51481 -0.405932
0.150849 0.0323656 0.392391
-2.10218 -9.21014 0.762402
-2.41929 -8.91205 1.06156
0.0120944 0.0246663 0.456808
-6.98506 -6.91212 1.5569
-6.90058 -6.74163 2.2681
0.0268222 0.0653068 0.266549
-11.0011 -2.45453 1.85379
-10.7061 -2.29423 2.34791
0.00887268 0.165903 0.871828
-8.37088 1.18788 1.48575
-8.29661 1.38496 2.78107
0.662058 4.89601 0.00810604
-0.841514 -0.0114085 -3.3717
-0.284383 0.0444475 -3.39903
0.056858 0.112236 0.327386
4.19194 1.27586 -2.36416
3.9536 1.41906 -3.13816
0.0144266 0.04059 3.12204
7.01987 3.58816 -0.206759
6.91859 3.7338 -0.852268
0.0153518 0.0387718 0.136202
4.72303 6.63657 1.47639
4.65052 6.37926 1.2753
0.128601 0.0363776 0.544706
-2.36585 8.32316 -0.587536
-2.6701 8.02038 -0.907569
0.0279695 0.0609378 3.2955
-6.91204 5.77342 0.090993
-6.71871 5.4216 0.39086
0.0901703 0.489917 0.225818
-6.06079 0.466537 0.953848
-5.51429 0.237972 1.16924
0.154438 0.0142227 0.416146
-3.03502 -4.87812 1.09887
-2.5663 -4.9475 1.55616
0.0130362 0.0269365 0.18098
1.20603 -7.99232 1.9927
1.22175 -7.77703 2.35334
0.0158033 0.110972 0.456453
5.42078 -3.65515 1.441
5.33511 -3.24953 2.09875
0.0104055 0.014689 0.130456
7.07667 3.96477 -2.48452
7.15031 3.90653 -2.1604
0.0357536 0.0414121 0.209855
7.33895 8.32053 -1.80972
7.07655 7.97596 -1.42994
0.0156984 0.0756374 0.962373
5.73505 3.76146 -0.550786
5.64501 3.47696 -1.08085
0.0886086 0.0244009 0.359099
3.98156 -2.4562 -0.826289
3.62876 -2.39626 -0.529569
0.14838 0.0356697 0.677787
1.25859 -7.60519 -0.372952
1.07184 -7.33392 -0.12017
0.0753162 0.0325761 0.319803
-3.12779 -9.0467 1.06593
-3.36336 -8.75199 1.40682
0.00293766 0.0388519 0.409006
-7.95555 -5.95899 1.57974
-7.93218 -5.72747 2.22586
0.0410613 0.26324 0.340041
-11.5647 -1.40316 2.05465
-11.0898 -1.03379 2.75331
0.0276015 0.716619 5.5545
-6.80632 0.693683 0.273033
-6.99418 1.19079 1.78959
1.88934 0.785221 0.302925
0.243051 0.0507831 -3.22723
0.702257 0.0109071 -4.20484
0.0272838 0.0599004 0.302807
4.17022 2.47181 -1.66748
4.05644 2.61987 -2.1724
